%YAML:1.0
camera_matrix: !!opencv-matrix
   rows: 3
   cols: 3
   dt: d
   data: [539.1372906745268, 0.0, 329.02126025840977, 0.0, 542.3421738705956, 242.1099554052592, 0.0, 0.0, 1.0]
distortion_coefficients: !!opencv-matrix
   rows: 1
   cols: 5
   dt: d
   data: [0.20528603028454656, -0.766640680691422, -0.0009661402178902956, 0.0011189160210831846, 0.9763000357883636]
